Dataset : hand_landmarks_data.csv
Samples : 25675
Features: 63
Classes : 18

Class distribution:
label
three2             1653
palm               1649
four               1634
ok                 1592
stop_inverted      1567
call               1506
peace_inverted     1497
stop               1482
rock               1458
three              1456
peace              1441
like               1436
two_up_inverted    1371
two_up             1343
dislike            1295
one                1263
mute               1087
fist                945

Descriptive statistics:
                 x1            y1            z1            x2            y2            z2            x3            y3            z3            x4            y4            z4            x5            y5            z5            x6            y6            z6            x7            y7            z7            x8            y8            z8            x9            y9            z9           x10           y10           z10           x11           y11           z11           x12           y12           z12           x13           y13           z13           x14           y14           z14           x15           y15           z15           x16           y16           z16           x17           y17           z17           x18           y18           z18           x19           y19           z19           x20           y20           z20           x21           y21           z21
count  25675.000000  25675.000000  2.567500e+04  25675.000000  25675.000000  25675.000000  25675.000000  25675.000000  25675.000000  25675.000000  25675.000000  25675.000000  25675.000000  25675.000000  25675.000000  25675.000000  25675.000000  25675.000000  25675.000000  25675.000000  25675.000000  25675.000000  25675.000000  25675.000000  25675.000000  25675.000000  25675.000000  25675.000000  25675.000000  25675.000000  25675.000000  25675.000000  25675.000000  25675.000000  25675.000000  25675.000000  25675.000000  25675.000000  25675.000000  25675.000000  25675.000000  25675.000000  25675.000000  25675.000000  25675.000000  25675.000000  25675.000000  25675.000000  25675.000000  25675.000000  25675.000000  25675.000000  25675.000000  25675.000000  25675.000000  25675.000000  25675.000000  25675.000000  25675.000000  25675.000000  25675.000000  25675.000000  25675.000000
mean     201.958632    260.158527  1.272461e-07    202.517395    252.115322     -0.009465    202.862981    240.645966     -0.015946    203.025267    231.684450     -0.022772    202.966979    226.269003     -0.029150    202.748369    226.255575     -0.011015    203.047902    213.496471     -0.023341    203.025185    206.581444     -0.031587    202.939537    200.498964     -0.036539    202.332967    226.209064     -0.014324    202.520204    213.070576     -0.026699    202.481818    207.660820     -0.033022    202.434025    202.627671     -0.035749    202.027209    229.245052     -0.018841    202.177061    220.038483     -0.032494    202.211731    220.993717     -0.034022    202.232146    221.068921     -0.032048    201.721609    234.378377     -0.024129    201.792374    227.455597     -0.033751    201.811275    227.802576     -0.032208    201.874802    227.807287     -0.028828
std       90.500333     76.533210  2.737932e-07     84.770933     75.384691      0.010376     80.412089     74.721921      0.013973     79.647588     74.923091      0.017201     80.777001     75.433577      0.020555     81.486053     74.174662      0.011410     78.660264     75.193943      0.016304     77.695517     76.414925      0.019864     77.304606     77.817092      0.022231     85.044490     74.757306      0.012105     84.003401     76.411499      0.018234     83.878024     78.804974      0.020896     83.966876     81.326327      0.022003     89.052866     75.530619      0.013458     89.047221     76.805159      0.020278     88.354398     78.553745      0.021083     88.068275     80.635173      0.021304     93.354905     76.412992      0.015658     94.046497     77.231210      0.020453     93.664595     78.441253      0.020877     93.547017     79.963438      0.021136
min      -36.050926     45.722923 -2.029986e-06      7.184681     51.256840     -0.096630     25.114323     45.489950     -0.155846     23.446341     38.851536     -0.223258     13.243541     19.964561     -0.282578     23.007730     41.025543     -0.176002      7.846868     12.058107     -0.242614     24.513308     27.764654     -0.279875     20.750772     11.701990     -0.302675     26.686532     38.545681     -0.178811     11.681391     17.029541     -0.230100     21.732645     24.313637     -0.269950     12.205227      9.170517     -0.282490     18.742111     35.284714     -0.170851      8.862213     15.022144     -0.271215     11.509277     21.557108     -0.278481     13.415025     11.011627     -0.253293      4.522356     30.686922     -0.201897      0.198635     20.146784     -0.286821      3.278137     32.158108     -0.286470     -4.537216     23.226204     -0.262047
25%      124.110329    205.815950 -5.243216e-08    130.535929    197.999625     -0.015199    136.711035    187.018583     -0.023020    138.905817    177.897360     -0.030877    139.830317    172.346912     -0.038417    135.349077    173.119514     -0.016189    139.631676    160.014862     -0.030574    141.088646    151.965836     -0.040268    141.518023    144.926865     -0.046269    131.467953    172.890533     -0.019602    133.723944    158.572586     -0.034752    134.446735    151.556170     -0.042468    134.941040    145.513020     -0.045741    128.587727    175.506911     -0.024630    130.301594    165.454178     -0.041456    130.504211    165.620058     -0.043919    130.167824    164.591892     -0.042403    126.202721    180.296774     -0.030728    126.828913    172.720392     -0.042726    126.887403    172.345467     -0.041957    126.356627    172.083794     -0.039220
50%      199.667847    255.181793  1.497277e-07    199.979530    247.113892     -0.008737    200.092758    235.776978     -0.014231    200.482040    226.828033     -0.020179    200.140117    221.246796     -0.025666    199.457932    221.213181     -0.009502    199.514259    208.351471     -0.020488    199.270821    201.778839     -0.027943    199.146263    195.717651     -0.032342    199.286728    220.864047     -0.012345    199.699150    207.882156     -0.023153    199.494324    202.553177     -0.028951    199.245850    197.548050     -0.031400    198.186516    223.869415     -0.016247    198.616928    214.784042     -0.028544    198.516609    215.643906     -0.030173    198.680923    215.930111     -0.027992    197.299667    228.892044     -0.020969    197.579865    221.781479     -0.029942    197.591736    222.381149     -0.028510    197.453270    222.485229     -0.025269
75%      266.428482    304.991663  2.989988e-07    261.147457    296.850769     -0.002783    255.876354    284.925993     -0.007134    254.622768    276.518833     -0.011837    255.130657    271.379322     -0.015956    257.866241    270.251181     -0.004148    254.638618    258.428543     -0.012829    253.281406    252.432800     -0.018581    252.627174    247.777724     -0.021876    261.683670    270.596054     -0.006682    260.208458    258.746325     -0.014662    259.460907    255.169312     -0.018849    258.964645    251.963448     -0.020758    264.839939    273.911709     -0.009964    264.156017    265.505219     -0.018913    263.657162    268.109885     -0.019518    263.413708    270.143906     -0.017140    267.873619    279.548332     -0.013661    268.103920    273.190765     -0.019987    267.745743    274.196884     -0.017971    267.324657    275.805222     -0.014294
max      633.556020    781.674469  1.876254e-06    606.232386    751.869416      0.076365    598.541348    719.365010      0.094131    607.999801    698.661277      0.097198    620.095448    683.643737      0.124429    586.939725    705.950988      0.096922    581.673286    665.670809      0.086570    583.610511    667.646763      0.080480    587.701863    666.861649      0.093159    601.525105    764.113989      0.062127    602.732907    695.979705      0.070049    611.704237    678.405701      0.059429    624.943836    697.735044      0.064193    615.139716    804.761150      0.041904    616.324430    738.877370      0.062122    617.327970    722.035095      0.093805    615.453955    749.337201      0.106235    634.447247    831.491122      0.031774    632.923029    779.419948      0.078105    638.134761    760.854103      0.104580    641.788521    760.554894      0.118668